,date,key,cum_severe,cum_critical,cum_on_ventilator,dataQualityGrade,lastUpdateEt,death,new_death,new_severe,new_negatives,new_diagnoses,new_tests,day,new_critical,num_on_ventilator
4534,2020-03-05,NJ,,,,,,,,,,,,0,,
4506,2020-03-06,NJ,,,,,,,0.0,0.0,0.0,0.0,0.0,1,,
4466,2020-03-07,NJ,,,,,,,0.0,0.0,0.0,3.0,3.0,2,,
4416,2020-03-08,NJ,,,,,,,0.0,0.0,31.0,2.0,33.0,3,,
4366,2020-03-09,NJ,,,,,,,0.0,0.0,4.0,5.0,9.0,4,,
4316,2020-03-10,NJ,,,,,,,0.0,0.0,9.0,4.0,13.0,5,,
4266,2020-03-11,NJ,,,,,,1.0,1.0,0.0,13.0,9.0,22.0,6,,
4216,2020-03-12,NJ,,,,,3/11/2020 12:00,1.0,0.0,0.0,17.0,6.0,23.0,7,,
4165,2020-03-13,NJ,,,,,3/13/2020 14:00,1.0,0.0,0.0,23.0,20.0,43.0,8,,
4114,2020-03-14,NJ,,,,,3/13/2020 14:00,1.0,0.0,0.0,0.0,0.0,0.0,9,,
4063,2020-03-15,NJ,,,,,3/15/2020 13:00,2.0,1.0,0.0,23.0,48.0,71.0,10,,
4010,2020-03-16,NJ,,,,,3/16/2020 15:08,2.0,0.0,0.0,0.0,80.0,80.0,11,,
3954,2020-03-17,NJ,,,,,3/17/2020 13:00,3.0,1.0,0.0,43.0,89.0,132.0,12,,
3898,2020-03-18,NJ,,,,,3/17/2020 13:00,5.0,2.0,0.0,27.0,160.0,187.0,13,,
3842,2020-03-19,NJ,,,,,3/19/2020 11:30,9.0,4.0,0.0,20.0,315.0,335.0,14,,
3786,2020-03-20,NJ,,,,,3/20/2020 13:30,11.0,2.0,0.0,54.0,148.0,202.0,15,,
3730,2020-03-21,NJ,,,,,3/21/2020 13:00,16.0,5.0,0.0,30.0,437.0,467.0,16,,
3674,2020-03-22,NJ,,,,,3/22/2020 13:30,20.0,4.0,0.0,33.0,587.0,620.0,17,,
3618,2020-03-23,NJ,,,,B,3/23/2020 14:00,27.0,7.0,0.0,32.0,930.0,962.0,18,,
3562,2020-03-24,NJ,,,,B,3/24/2020 01:30,44.0,17.0,0.0,7966.0,831.0,8797.0,19,,
3506,2020-03-25,NJ,,,,B,3/24/2020 01:30,62.0,18.0,0.0,2127.0,727.0,2854.0,20,,
3450,2020-03-26,NJ,,,,B,3/25/2020 14:00,81.0,19.0,0.0,3209.0,2474.0,5683.0,21,,
3394,2020-03-27,NJ,,,,A,3/27/2020 13:30,108.0,27.0,0.0,2886.0,1949.0,4835.0,22,,
3338,2020-03-28,NJ,,,,A,3/28/2020 13:30,140.0,32.0,0.0,2839.0,2299.0,5138.0,23,,
3282,2020-03-29,NJ,,,,A,3/29/2020 13:30,161.0,21.0,0.0,2830.0,2262.0,5092.0,24,,
3226,2020-03-30,NJ,,,,A,3/29/2020 13:30,198.0,37.0,0.0,3008.0,3250.0,6258.0,25,,
3170,2020-03-31,NJ,,,,A,3/31/2020 13:00,267.0,69.0,0.0,1853.0,2060.0,3913.0,26,,
3114,2020-04-01,NJ,,,,A,4/1/2020 13:00,355.0,88.0,0.0,3310.0,3559.0,6869.0,27,,
3058,2020-04-02,NJ,,,,A,4/2/2020 13:00,537.0,182.0,0.0,3133.0,3335.0,6468.0,28,,
3002,2020-04-03,NJ,,,,A,4/3/2020 13:00,646.0,109.0,0.0,4088.0,4305.0,8393.0,29,,
2946,2020-04-04,NJ,,,,A,4/4/2020 13:00,846.0,200.0,0.0,3624.0,4229.0,7853.0,30,,
2890,2020-04-05,NJ,,,,A,4/5/2020 13:00,917.0,71.0,0.0,3429.0,3381.0,6810.0,31,,
2834,2020-04-06,NJ,,,,A,4/6/2020 13:00,1003.0,86.0,0.0,3281.0,3585.0,6866.0,32,,
2778,2020-04-07,NJ,,,,A,4/7/2020 13:00,1232.0,229.0,0.0,2616.0,3326.0,5942.0,33,,
2722,2020-04-08,NJ,,,,A,4/8/2020 14:08,1504.0,272.0,0.0,2421.0,3021.0,5442.0,34,,
2666,2020-04-09,NJ,,,,A,4/9/2020 08:00,1700.0,196.0,0.0,3186.0,3590.0,6776.0,35,,
2610,2020-04-10,NJ,,,,A,4/10/2020 13:00,1932.0,232.0,0.0,2770.0,3561.0,6331.0,36,,
2554,2020-04-11,NJ,,,,A,4/11/2020 13:00,2183.0,251.0,0.0,3107.0,3563.0,6670.0,37,,
2498,2020-04-12,NJ,,,,A,4/12/2020 13:00,2350.0,167.0,0.0,2843.0,3699.0,6542.0,38,,
2442,2020-04-13,NJ,,,,A,4/13/2020 14:00,2443.0,93.0,0.0,0.0,2734.0,2734.0,39,,
2386,2020-04-14,NJ,,,,A,4/14/2020 13:00,2805.0,362.0,0.0,6065.0,4240.0,10305.0,40,,
2330,2020-04-15,NJ,,,,A,4/15/2020 13:00,3156.0,351.0,0.0,2041.0,2206.0,4247.0,41,,
2274,2020-04-16,NJ,,,,A,4/16/2020 13:00,3518.0,362.0,0.0,3522.0,4287.0,7809.0,42,,
2218,2020-04-17,NJ,,,,A,4/17/2020 13:00,3840.0,322.0,0.0,2469.0,3150.0,5619.0,43,,
2162,2020-04-18,NJ,,,,A,4/18/2020 12:49,4070.0,230.0,0.0,2134.0,2953.0,5087.0,44,,
2106,2020-04-19,NJ,,,,A,4/19/2020 13:00,4202.0,132.0,0.0,4271.0,3881.0,8152.0,45,,
2050,2020-04-20,NJ,,,,A,4/20/2020 13:00,4377.0,175.0,0.0,3864.0,3505.0,7369.0,46,,
1994,2020-04-21,NJ,,,,A,4/21/2020 13:00,4753.0,376.0,0.0,3188.0,3581.0,6769.0,47,,
1938,2020-04-22,NJ,,,,A,4/22/2020 13:00,5063.0,310.0,0.0,3355.0,3478.0,6833.0,48,,
1882,2020-04-23,NJ,,,,A,4/23/2020 13:00,5368.0,305.0,0.0,4365.0,4124.0,8489.0,49,,
1826,2020-04-24,NJ,,,,A,4/24/2020 13:00,5617.0,249.0,0.0,3607.0,2207.0,5814.0,50,,
1770,2020-04-25,NJ,,,,A,4/25/2020 13:00,5863.0,246.0,0.0,4397.0,3327.0,7724.0,51,,
1714,2020-04-26,NJ,,,,A,4/26/2020 11:00,5938.0,75.0,0.0,5943.0,3515.0,9458.0,52,,
1658,2020-04-27,NJ,,,,A,4/26/2020 11:00,6044.0,106.0,0.0,2481.0,2150.0,4631.0,53,,
1602,2020-04-28,NJ,,,,A+,4/28/2020 13:00,6442.0,398.0,0.0,3916.0,2668.0,6584.0,54,,
1546,2020-04-29,NJ,,,,A+,4/29/2020 13:00,6770.0,328.0,0.0,4551.0,2408.0,6959.0,55,,
1490,2020-04-30,NJ,,,,A+,4/30/2020 13:00,7228.0,458.0,0.0,4212.0,2388.0,6600.0,56,,
1434,2020-05-01,NJ,,,,A+,5/1/2020 13:00,7538.0,310.0,0.0,6089.0,2538.0,8627.0,57,,
1378,2020-05-02,NJ,,,,A+,5/2/2020 13:00,7742.0,204.0,0.0,3240.0,2527.0,5767.0,58,,
1322,2020-05-03,NJ,,,,A+,5/3/2020 13:00,7871.0,129.0,0.0,9727.0,3027.0,12754.0,59,,
1266,2020-05-04,NJ,,,,A+,5/4/2020 13:00,7910.0,39.0,0.0,629.0,1525.0,2154.0,60,,
1210,2020-05-05,NJ,,,,A+,5/5/2020 13:00,8244.0,334.0,0.0,8079.0,2324.0,10403.0,61,,
1154,2020-05-06,NJ,,,,A+,5/6/2020 13:00,8549.0,305.0,0.0,0.0,1297.0,1297.0,62,,
1098,2020-05-07,NJ,,,,A+,5/7/2020 13:00,8801.0,252.0,0.0,1993.0,1745.0,3738.0,63,,
1042,2020-05-08,NJ,,,,A+,5/8/2020 13:00,8952.0,151.0,0.0,4282.0,1819.0,6101.0,64,,
986,2020-05-09,NJ,,,,A+,5/9/2020 13:00,9116.0,164.0,0.0,4816.0,1631.0,6447.0,65,,
930,2020-05-10,NJ,,,,A+,5/10/2020 13:00,9255.0,139.0,0.0,5794.0,1447.0,7241.0,66,,
874,2020-05-11,NJ,,,,A+,5/11/2020 13:00,9310.0,55.0,0.0,112073.0,1413.0,113486.0,67,,
818,2020-05-12,NJ,,,,A+,5/12/2020 13:00,9508.0,198.0,0.0,6329.0,798.0,7127.0,68,,
762,2020-05-13,NJ,,,,A+,5/13/2020 13:00,9702.0,194.0,0.0,7573.0,817.0,8390.0,69,,
706,2020-05-14,NJ,,,,A+,5/14/2020 13:00,9946.0,244.0,0.0,9102.0,1144.0,10246.0,70,,
650,2020-05-15,NJ,,,,A+,5/15/2020 13:00,10138.0,192.0,0.0,10075.0,1201.0,11276.0,71,,
594,2020-05-16,NJ,,,,A+,5/16/2020 13:00,10249.0,111.0,0.0,11068.0,1184.0,12252.0,72,,
538,2020-05-17,NJ,,,,A+,5/17/2020 13:00,10356.0,107.0,0.0,11096.0,1245.0,12341.0,73,,
482,2020-05-18,NJ,,,,A+,5/18/2020 13:00,10435.0,79.0,0.0,16299.0,1705.0,18004.0,74,,
426,2020-05-19,NJ,,,,A+,5/19/2020 13:00,10586.0,151.0,0.0,13639.0,974.0,14613.0,75,,
370,2020-05-20,NJ,,,,A+,5/20/2020 13:00,10747.0,161.0,0.0,9775.0,1386.0,11161.0,76,,
314,2020-05-21,NJ,,,,A+,5/21/2020 13:00,10843.0,96.0,0.0,11858.0,1073.0,12931.0,77,,
258,2020-05-22,NJ,,,,A+,5/22/2020 13:00,10985.0,142.0,0.0,9793.0,1247.0,11040.0,78,,
202,2020-05-23,NJ,,,,A+,5/23/2020 13:00,11081.0,96.0,0.0,23036.0,385.0,23421.0,79,,
146,2020-05-24,NJ,,,,A+,5/24/2020 13:00,11133.0,52.0,0.0,24022.0,1050.0,25072.0,80,,
90,2020-05-25,NJ,,,,A+,5/25/2020 13:00,11144.0,11.0,0.0,19052.0,938.0,19990.0,81,,
34,2020-05-26,NJ,16373.0,,,A+,5/26/2020 13:00,11191.0,47.0,16373.0,11423.0,672.0,12095.0,82,,
