,date,key,cum_hospitalized,cum_icu,cum_on_ventilator,dataQualityGrade,lastUpdateEt,dateModified,checkTimeEt,death,totalTestsViral,positiveTestsViral,negativeTestsViral,positiveCasesViral,new_diagnoses,new_negatives,new_tests,new_deaths,new_hospitalized,commercialScore,negativeRegularScore,negativeScore,positiveScore,score,grade,day,new_icu,num_on_ventilator
6510,2020-03-04,IL,,,,,,,,,,,,,0,0,0,0,0,0,0,0,0,0,,0,,
6488,2020-03-05,IL,,,,,,,,,,,,,1,41,42,0,0,0,0,0,0,0,,1,,
6456,2020-03-06,IL,,,,,,,,,,,,,0,15,15,0,0,0,0,0,0,0,,2,,
6410,2020-03-07,IL,,,,,,,,,,,,,1,11,12,0,0,0,0,0,0,0,,3,,
6360,2020-03-08,IL,,,,,,,,,,,,,0,0,0,0,0,0,0,0,0,0,,4,,
6310,2020-03-09,IL,,,,,,,,,,,,,1,0,1,0,0,0,0,0,0,0,,5,,
6260,2020-03-10,IL,,,,,,,,,,,,,12,53,65,0,0,0,0,0,0,0,,6,,
6210,2020-03-11,IL,,,,,,,,,,,,,0,0,0,0,0,0,0,0,0,0,,7,,
6159,2020-03-12,IL,,,,,3/11/2020 00:00,2020-03-11T00:00:00Z,03/10 20:00,,,,,,6,22,28,0,0,0,0,0,0,0,,8,,
6108,2020-03-13,IL,,,,,3/12/2020 00:00,2020-03-12T00:00:00Z,03/11 20:00,,,,,,7,28,35,0,0,0,0,0,0,0,,9,,
6057,2020-03-14,IL,,,,,3/13/2020 00:00,2020-03-13T00:00:00Z,03/12 20:00,,,,,,14,22,36,0,0,0,0,0,0,0,,10,,
6006,2020-03-15,IL,,,,,3/14/2020 00:00,2020-03-14T00:00:00Z,03/13 20:00,,,,,,18,133,151,0,0,0,0,0,0,0,,11,,
5952,2020-03-16,IL,,,,,3/16/2020 15:43,2020-03-16T15:43:00Z,03/16 11:43,,,,,,29,483,512,0,0,0,0,0,0,0,,12,,
5896,2020-03-17,IL,,,,,3/16/2020 00:00,2020-03-16T00:00:00Z,03/15 20:00,1.0,,,,,66,408,474,1,0,0,0,0,0,0,,13,,
5840,2020-03-18,IL,,,,,3/18/2020 00:00,2020-03-18T00:00:00Z,03/17 20:00,1.0,,,,,129,423,552,0,0,0,0,0,0,0,,14,,
5784,2020-03-19,IL,,,,,3/19/2020 00:00,2020-03-19T00:00:00Z,03/18 20:00,4.0,,,,,134,962,1096,3,0,0,0,0,0,0,,15,,
5728,2020-03-20,IL,,,,,3/20/2020 00:00,2020-03-20T00:00:00Z,03/19 20:00,5.0,,,,,163,971,1134,1,0,0,0,0,0,0,,16,,
5672,2020-03-21,IL,,,,,3/21/2020 00:00,2020-03-21T00:00:00Z,03/20 20:00,6.0,,,,,168,1792,1960,1,0,0,0,0,0,0,,17,,
5616,2020-03-22,IL,,,,,3/22/2020 00:00,2020-03-22T00:00:00Z,03/21 20:00,9.0,,,,,296,1783,2079,3,0,0,0,0,0,0,,18,,
5560,2020-03-23,IL,,,,A,3/23/2020 00:00,2020-03-23T00:00:00Z,03/22 20:00,12.0,,,,,224,1312,1536,3,0,0,0,0,0,0,,19,,
5504,2020-03-24,IL,,,,A,3/24/2020 00:00,2020-03-24T00:00:00Z,03/23 20:00,16.0,,,,,262,1351,1613,4,0,0,0,0,0,0,,20,,
5448,2020-03-25,IL,,,,A,3/25/2020 00:00,2020-03-25T00:00:00Z,03/24 20:00,19.0,,,,,330,2410,2740,3,0,0,0,0,0,0,,21,,
5392,2020-03-26,IL,,,,A,3/26/2020 00:00,2020-03-26T00:00:00Z,03/25 20:00,26.0,,,,,673,1749,2422,7,0,0,0,0,0,0,,22,,
5336,2020-03-27,IL,,,,A,3/27/2020 00:00,2020-03-27T00:00:00Z,03/26 20:00,34.0,,,,,488,4423,4911,8,0,0,0,0,0,0,,23,,
5280,2020-03-28,IL,,,,A,3/28/2020 00:00,2020-03-28T00:00:00Z,03/27 20:00,47.0,,,,,465,3484,3949,13,0,0,0,0,0,0,,24,,
5224,2020-03-29,IL,,,,A,3/29/2020 00:00,2020-03-29T00:00:00Z,03/28 20:00,65.0,,,,,1105,1166,2271,18,0,0,0,0,0,0,,25,,
5168,2020-03-30,IL,,,,A,3/29/2020 00:00,2020-03-29T00:00:00Z,03/28 20:00,73.0,,,,,461,2223,2684,8,0,0,0,0,0,0,,26,,
5112,2020-03-31,IL,,,,A,3/31/2020 00:00,2020-03-31T00:00:00Z,03/30 20:00,99.0,,,,,937,3842,4779,26,0,0,0,0,0,0,,27,,
5056,2020-04-01,IL,,,,A,4/1/2020 02:00,2020-04-01T02:00:00Z,03/31 22:00,141.0,,,,,986,4173,5159,42,0,0,0,0,0,0,,28,,
5000,2020-04-02,IL,,,,A,4/2/2020 00:00,2020-04-02T00:00:00Z,04/01 20:00,157.0,,,,,715,2557,3272,16,0,0,0,0,0,0,,29,,
4944,2020-04-03,IL,,,,A,4/3/2020 00:00,2020-04-03T00:00:00Z,04/02 20:00,210.0,,,,,1209,3183,4392,53,0,0,0,0,0,0,,30,,
4888,2020-04-04,IL,,,,A,4/4/2020 00:00,2020-04-04T00:00:00Z,04/03 20:00,243.0,,,,,1453,4080,5533,33,0,0,0,0,0,0,,31,,
4832,2020-04-05,IL,,,,A,4/5/2020 00:00,2020-04-05T00:00:00Z,04/04 20:00,274.0,,,,,899,4503,5402,31,0,0,0,0,0,0,,32,,
4776,2020-04-06,IL,,,,A,4/6/2020 00:00,2020-04-06T00:00:00Z,04/05 20:00,307.0,,,,,1006,2953,3959,33,0,0,0,0,0,0,,33,,
4720,2020-04-07,IL,,,,A,4/7/2020 00:00,2020-04-07T00:00:00Z,04/06 20:00,380.0,,,,,1287,4503,5790,73,0,0,0,0,0,0,,34,,
4664,2020-04-08,IL,,,,A,4/8/2020 00:00,2020-04-08T00:00:00Z,04/07 20:00,462.0,,,,,1529,4805,6334,82,0,0,0,0,0,0,,35,,
4608,2020-04-09,IL,,,,A,4/9/2020 00:00,2020-04-09T00:00:00Z,04/08 20:00,528.0,,,,,1344,4447,5791,66,0,0,0,0,0,0,,36,,
4552,2020-04-10,IL,,,,A,4/10/2020 00:00,2020-04-10T00:00:00Z,04/09 20:00,596.0,,,,,1465,5205,6670,68,0,0,0,0,0,0,,37,,
4496,2020-04-11,IL,,,,A,4/11/2020 00:00,2020-04-11T00:00:00Z,04/10 20:00,677.0,,,,,1293,3329,4622,81,0,0,0,0,0,0,,38,,
4440,2020-04-12,IL,,,,A,4/12/2020 00:00,2020-04-12T00:00:00Z,04/11 20:00,720.0,,,,,1672,6914,8586,43,0,0,0,0,0,0,,39,,
4384,2020-04-13,IL,,,,A,4/13/2020 00:00,2020-04-13T00:00:00Z,04/12 20:00,794.0,,,,,1173,3860,5033,74,0,0,0,0,0,0,,40,,
4328,2020-04-14,IL,,,,A,4/14/2020 00:00,2020-04-14T00:00:00Z,04/13 20:00,868.0,,,,,1222,3626,4848,74,0,0,0,0,0,0,,41,,
4272,2020-04-15,IL,,,,A,4/15/2020 00:00,2020-04-15T00:00:00Z,04/14 20:00,948.0,,,,,1346,4967,6313,80,0,0,0,0,0,0,,42,,
4216,2020-04-16,IL,,,,A,4/16/2020 00:00,2020-04-16T00:00:00Z,04/15 20:00,1072.0,,,,,1140,4520,5660,124,0,0,0,0,0,0,,43,,
4160,2020-04-17,IL,,,,A,4/17/2020 00:00,2020-04-17T00:00:00Z,04/16 20:00,1134.0,,,,,1842,5732,7574,62,0,0,0,0,0,0,,44,,
4104,2020-04-18,IL,,,,A,4/18/2020 00:00,2020-04-18T00:00:00Z,04/17 20:00,1259.0,,,,,1585,5656,7241,125,0,0,0,0,0,0,,45,,
4048,2020-04-19,IL,,,,A,4/19/2020 00:00,2020-04-19T00:00:00Z,04/18 20:00,1290.0,,,,,1197,4717,5914,31,0,0,0,0,0,0,,46,,
3992,2020-04-20,IL,,,,A,4/20/2020 00:00,2020-04-20T00:00:00Z,04/19 20:00,1349.0,,,,,1151,3889,5040,59,0,0,0,0,0,0,,47,,
3936,2020-04-21,IL,,,,A,4/21/2020 00:00,2020-04-21T00:00:00Z,04/20 20:00,1468.0,,,,,1551,5088,6639,119,0,0,0,0,0,0,,48,,
3880,2020-04-22,IL,,,,A,4/22/2020 00:00,2020-04-22T00:00:00Z,04/21 20:00,1565.0,,,,,2049,7300,9349,97,0,0,0,0,0,0,,49,,
3824,2020-04-23,IL,,,,A,4/23/2020 00:00,2020-04-23T00:00:00Z,04/22 20:00,1688.0,,,,,1826,7144,8970,123,0,0,0,0,0,0,,50,,
3768,2020-04-24,IL,,,,A,4/24/2020 00:00,2020-04-24T00:00:00Z,04/23 20:00,1795.0,,,,,2724,13592,16316,107,0,0,0,0,0,0,,51,,
3712,2020-04-25,IL,,,,A,4/25/2020 00:00,2020-04-25T00:00:00Z,04/24 20:00,1874.0,,,,,2119,9866,11985,79,0,0,0,0,0,0,,52,,
3656,2020-04-26,IL,,,,A,4/26/2020 00:00,2020-04-26T00:00:00Z,04/25 20:00,1933.0,,,,,2126,11209,13335,59,0,0,0,0,0,0,,53,,
3600,2020-04-27,IL,,,,A,4/27/2020 00:00,2020-04-27T00:00:00Z,04/26 20:00,1983.0,,,,,1980,10696,12676,50,0,0,0,0,0,0,,54,,
3544,2020-04-28,IL,,,,A,4/28/2020 00:00,2020-04-28T00:00:00Z,04/27 20:00,2125.0,,,,,2219,12342,14561,142,0,0,0,0,0,0,,55,,
3488,2020-04-29,IL,,,,A,4/29/2020 00:00,2020-04-29T00:00:00Z,04/28 20:00,2215.0,,,,50355.0,2253,12225,14478,90,0,0,0,0,0,0,,56,,
3432,2020-04-30,IL,,,,A,4/30/2020 00:00,2020-04-30T00:00:00Z,04/29 20:00,2355.0,,,,52918.0,2563,10637,13200,140,0,0,0,0,0,0,,57,,
3376,2020-05-01,IL,,,,A,5/1/2020 00:00,2020-05-01T00:00:00Z,04/30 20:00,2457.0,,,,56055.0,3137,11684,14821,102,0,0,0,0,0,0,,58,,
3320,2020-05-02,IL,,,,A,5/2/2020 00:00,2020-05-02T00:00:00Z,05/01 20:00,2559.0,,,,58505.0,2450,12758,15208,102,0,0,0,0,0,0,,59,,
3264,2020-05-03,IL,,,,A,5/2/2020 00:00,2020-05-02T00:00:00Z,05/01 20:00,2618.0,,,,61499.0,2994,16423,19417,59,0,0,0,0,0,0,,60,,
3208,2020-05-04,IL,,,,A,5/4/2020 00:00,2020-05-04T00:00:00Z,05/03 20:00,2662.0,,,,63840.0,2341,11493,13834,44,0,0,0,0,0,0,,61,,
3152,2020-05-05,IL,,,,A,5/5/2020 00:00,2020-05-05T00:00:00Z,05/04 20:00,2838.0,,,,65962.0,2122,11017,13139,176,0,0,0,0,0,0,,62,,
3096,2020-05-06,IL,,,,A,5/6/2020 00:00,2020-05-06T00:00:00Z,05/05 20:00,2974.0,,,,68232.0,2270,12704,14974,136,0,0,0,0,0,0,,63,,
3040,2020-05-07,IL,,,,A,5/7/2020 00:00,2020-05-07T00:00:00Z,05/06 20:00,3111.0,,,,70873.0,2641,15142,17783,137,0,0,0,0,0,0,,64,,
2984,2020-05-08,IL,,,,A,5/8/2020 00:00,2020-05-08T00:00:00Z,05/07 20:00,3241.0,,,,73760.0,2887,17784,20671,130,0,0,0,0,0,0,,65,,
2928,2020-05-09,IL,,,,A,5/9/2020 00:00,2020-05-09T00:00:00Z,05/08 20:00,3349.0,,,,76085.0,2325,14292,16617,108,0,0,0,0,0,0,,66,,
2872,2020-05-10,IL,,,,A,5/10/2020 00:00,2020-05-10T00:00:00Z,05/09 20:00,3406.0,,,,77741.0,1656,11997,13653,57,0,0,0,0,0,0,,67,,
2816,2020-05-11,IL,,,,A,5/11/2020 00:00,2020-05-11T00:00:00Z,05/10 20:00,3459.0,,,,79007.0,1266,11175,12441,53,0,0,0,0,0,0,,68,,
2760,2020-05-12,IL,,,,A,5/12/2020 00:00,2020-05-12T00:00:00Z,05/11 20:00,3601.0,,,,83021.0,4014,25252,29266,142,0,0,0,0,0,0,,69,,
2704,2020-05-13,IL,,,,A,5/13/2020 00:00,2020-05-13T00:00:00Z,05/12 20:00,3792.0,,,,84698.0,1677,15991,17668,191,0,0,0,0,0,0,,70,,
2648,2020-05-14,IL,,,,A,5/14/2020 00:00,2020-05-14T00:00:00Z,05/13 20:00,3928.0,,,,87937.0,3239,19439,22678,136,0,0,0,0,0,0,,71,,
2592,2020-05-15,IL,,,,A,5/15/2020 00:00,2020-05-15T00:00:00Z,05/14 20:00,4058.0,,,,90369.0,2432,24133,26565,130,0,0,0,0,0,0,,72,,
2536,2020-05-16,IL,,,,A,5/16/2020 00:00,2020-05-16T00:00:00Z,05/15 20:00,4129.0,,,,92457.0,2088,20959,23047,71,0,0,0,0,0,0,,73,,
2480,2020-05-17,IL,,,,A,5/17/2020 00:00,2020-05-17T00:00:00Z,05/16 20:00,4177.0,581944.0,,,94191.0,1734,18561,20295,48,0,0,0,0,0,0,,74,,
2424,2020-05-18,IL,,,,A,5/18/2020 00:59,2020-05-18T00:59:00Z,05/17 20:59,4234.0,,,,96485.0,2294,19003,21297,57,0,0,0,0,0,0,,75,,
2368,2020-05-19,IL,,,,A,5/19/2020 00:00,2020-05-19T00:00:00Z,05/18 20:00,4379.0,,,,98030.0,1545,16898,18443,145,0,0,0,0,0,0,,76,,
2312,2020-05-20,IL,,,,A,5/20/2020 00:00,2020-05-20T00:00:00Z,05/19 20:00,4525.0,,,,100418.0,2388,18641,21029,146,0,0,0,0,0,0,,77,,
2256,2020-05-21,IL,,,,A,5/21/2020 00:00,2020-05-21T00:00:00Z,05/20 20:00,4607.0,,,,102686.0,2268,27039,29307,82,0,0,0,0,0,0,,78,,
2200,2020-05-22,IL,,,,A,5/22/2020 00:00,2020-05-22T00:00:00Z,05/21 20:00,4715.0,,,,105444.0,2758,22355,25113,108,0,0,0,0,0,0,,79,,
2144,2020-05-23,IL,,,,A,5/22/2020 00:00,2020-05-22T00:00:00Z,05/21 20:00,4790.0,,,,107796.0,2352,22762,25114,75,0,0,0,0,0,0,,80,,
2088,2020-05-24,IL,,,,A,5/24/2020 00:00,2020-05-24T00:00:00Z,05/23 20:00,4856.0,,,,110304.0,2508,23166,25674,66,0,0,0,0,0,0,,81,,
2032,2020-05-25,IL,,,,A,5/25/2020 00:00,2020-05-25T00:00:00Z,05/24 20:00,4884.0,769564.0,,,,1713,19930,21643,28,0,0,0,0,0,0,,82,,
1976,2020-05-26,IL,,,,A,5/26/2020 00:00,2020-05-26T00:00:00Z,05/25 20:00,4923.0,786794.0,,,,1178,16052,17230,39,0,0,0,0,0,0,,83,,
1920,2020-05-27,IL,,,,A,5/27/2020 00:00,2020-05-27T00:00:00Z,05/26 20:00,5083.0,803973.0,,,,1111,16068,17179,160,0,0,0,0,0,0,,84,,
1864,2020-05-28,IL,,,,A,5/28/2020 00:00,2020-05-28T00:00:00Z,05/27 20:00,5186.0,829966.0,,,,1527,24466,25993,103,0,0,0,0,0,0,,85,,
1808,2020-05-29,IL,,,,A,5/29/2020 00:59,2020-05-29T00:59:00Z,05/28 20:59,5270.0,851762.0,,,,1622,20174,21796,84,0,0,0,0,0,0,,86,,
1752,2020-05-30,IL,,,,A,5/30/2020 00:00,2020-05-30T00:00:00Z,05/29 20:00,5330.0,877105.0,,,,1462,23881,25343,60,0,0,0,0,0,0,,87,,
1696,2020-05-31,IL,,,,A,5/31/2020 00:00,2020-05-31T00:00:00Z,05/30 20:00,5390.0,898259.0,,,,1343,19811,21154,60,0,0,0,0,0,0,,88,,
1640,2020-06-01,IL,,,,A,6/1/2020 00:59,2020-06-01T00:59:00Z,05/31 20:59,5412.0,918273.0,,,,974,19040,20014,22,0,0,0,0,0,0,,89,,
1584,2020-06-02,IL,,,,A,6/2/2020 00:00,2020-06-02T00:00:00Z,06/01 20:00,5525.0,934704.0,,,,1614,14817,16431,113,0,0,0,0,0,0,,90,,
1528,2020-06-03,IL,,,,A,6/3/2020 00:00,2020-06-03T00:00:00Z,06/02 20:00,5621.0,959175.0,,,,982,23489,24471,96,0,0,0,0,0,0,,91,,
1472,2020-06-04,IL,,,,A,6/4/2020 00:00,2020-06-04T00:00:00Z,06/03 20:00,5736.0,982016.0,,,,929,21912,22841,115,0,0,0,0,0,0,,92,,
1416,2020-06-05,IL,,,,A,6/5/2020 00:00,2020-06-05T00:00:00Z,06/04 20:00,5795.0,,,,125915.0,1156,17747,18903,59,0,0,0,0,0,0,,93,,
1360,2020-06-06,IL,,,,A,6/6/2020 00:00,2020-06-06T00:00:00Z,06/05 20:00,5864.0,,,,126890.0,975,20180,21155,69,0,0,0,0,0,0,,94,,
1304,2020-06-07,IL,,,,A,6/7/2020 00:59,2020-06-07T00:59:00Z,06/06 20:59,5904.0,1042774.0,,,127757.0,867,19833,20700,40,0,0,0,0,0,0,,95,,
1248,2020-06-08,IL,,,,A,6/8/2020 00:59,2020-06-08T00:59:00Z,06/07 20:59,6102.0,1058873.0,,,128415.0,1382,15441,16823,198,0,0,0,0,0,0,,96,,
1192,2020-06-09,IL,,,,A,6/9/2020 00:59,2020-06-09T00:59:00Z,06/08 20:59,6196.0,1079182.0,,,129212.0,797,19512,20309,94,0,0,0,0,0,0,,97,,
1136,2020-06-10,IL,,,,A,6/10/2020 00:59,2020-06-10T00:59:00Z,06/09 20:59,6273.0,1100002.0,,,129837.0,625,20195,20820,77,0,0,0,0,0,0,,98,,
1080,2020-06-11,IL,,,,B,6/11/2020 00:00,2020-06-11T00:00:00Z,06/10 20:00,6363.0,1122327.0,,,130603.0,766,21559,22325,90,0,0,0,0,0,0,,99,,
1024,2020-06-12,IL,,,,A,6/12/2020 00:00,2020-06-12T00:00:00Z,06/11 20:00,6441.0,1147101.0,,,131198.0,732,24179,24911,78,0,0,0,0,0,0,,100,,
968,2020-06-13,IL,,,,A,6/13/2020 00:00,2020-06-13T00:00:00Z,06/12 20:00,6470.0,1168945.0,,,131871.0,673,21171,21844,29,0,0,0,0,0,0,,101,,
912,2020-06-14,IL,,,,A,6/14/2020 00:00,2020-06-14T00:00:00Z,06/13 20:00,6489.0,1190985.0,,,132543.0,672,21368,22040,19,0,0,0,0,0,0,,102,,
856,2020-06-15,IL,,,,A,6/15/2020 00:00,2020-06-15T00:00:00Z,06/14 20:00,6507.0,1209612.0,,,133016.0,473,18154,18627,18,0,0,0,0,0,0,,103,,
800,2020-06-16,IL,,,,A,6/16/2020 00:00,2020-06-16T00:00:00Z,06/15 20:00,6579.0,1228341.0,,,133639.0,623,18106,18729,72,0,0,0,0,0,0,,104,,
744,2020-06-17,IL,,,,A,6/17/2020 00:00,2020-06-17T00:00:00Z,06/16 20:00,6666.0,1258328.0,,,134185.0,546,29441,29987,87,0,0,0,0,0,0,,105,,
688,2020-06-18,IL,,,,A,6/18/2020 00:00,2020-06-18T00:00:00Z,06/17 20:00,6718.0,1283832.0,,,134778.0,593,24911,25504,52,0,0,0,0,0,0,,106,,
632,2020-06-19,IL,,,,A,6/18/2020 12:59,2020-06-18T12:59:00Z,06/18 08:59,6718.0,1311003.0,,,135470.0,831,26479,27310,0,0,0,0,0,0,0,,107,,
576,2020-06-20,IL,,,,A,6/20/2020 00:00,2020-06-20T00:00:00Z,06/19 20:00,6829.0,1336968.0,,,136104.0,634,25331,25965,111,0,0,0,0,0,0,,108,,
520,2020-06-21,IL,,,,A,6/20/2020 00:00,2020-06-20T00:00:00Z,06/19 20:00,6851.0,1360784.0,,,136762.0,658,23158,23816,22,0,0,0,0,0,0,,109,,
464,2020-06-22,IL,,,,A,6/22/2020 00:00,2020-06-22T00:00:00Z,06/21 20:00,6875.0,1379003.0,,,137224.0,462,17757,18219,24,0,0,0,0,0,0,,110,,
408,2020-06-23,IL,,,,A,6/23/2020 00:00,2020-06-23T00:00:00Z,06/22 20:00,6911.0,1399510.0,,,137825.0,601,19906,20507,36,0,0,0,0,0,0,,111,,
352,2020-06-24,IL,,,,A,6/24/2020 00:00,2020-06-24T00:00:00Z,06/23 20:00,6974.0,1428841.0,,,138540.0,715,28616,29331,63,0,0,0,0,0,0,,112,,
296,2020-06-25,IL,,,,A,6/25/2020 00:00,2020-06-25T00:00:00Z,06/24 20:00,7014.0,1460527.0,,,139434.0,894,30792,31686,40,0,0,0,0,0,0,,113,,
240,2020-06-26,IL,,,,A,6/26/2020 00:00,2020-06-26T00:00:00Z,06/25 20:00,7048.0,1490952.0,,,140291.0,910,29568,30478,34,0,0,0,0,0,0,,114,,
184,2020-06-27,IL,,,,A,6/27/2020 00:00,2020-06-27T00:00:00Z,06/26 20:00,7074.0,1521189.0,,,141077.0,786,29451,30237,26,0,0,0,0,0,0,,115,,
128,2020-06-28,IL,,,,A,6/28/2020 00:00,2020-06-28T00:00:00Z,06/27 20:00,7089.0,1544978.0,,,141723.0,646,23143,23789,15,0,0,0,0,0,0,,116,,
72,2020-06-29,IL,,,,A,6/29/2020 00:00,2020-06-29T00:00:00Z,06/28 20:00,7103.0,1571896.0,,,142461.0,738,26180,26918,14,0,0,0,0,0,0,,117,,
16,2020-06-30,IL,,,,A,6/30/2020 00:00,2020-06-30T00:00:00Z,06/29 20:00,7124.0,1602965.0,,,143185.0,724,30345,31069,21,0,0,0,0,0,0,,118,,
