,date,key,cum_hospitalized,cum_icu,cum_on_ventilator,dataQualityGrade,lastUpdateEt,dateModified,checkTimeEt,death,totalTestsViral,positiveTestsViral,negativeTestsViral,positiveCasesViral,new_diagnoses,new_negatives,new_tests,new_deaths,new_hospitalized,commercialScore,negativeRegularScore,negativeScore,positiveScore,score,grade,day,new_icu,num_on_ventilator
6514,3/4/2020,NY,,,,,,,,,,,,14,0,0,0,0,0,0,0,0,0,0,,0,,
6496,3/5/2020,NY,,,,,,,,,,,,,16,28,44,0,0,0,0,0,0,0,,1,,
6469,3/6/2020,NY,,,,,,,,,,,,,11,16,27,0,0,0,0,0,0,0,,2,,
6429,3/7/2020,NY,,,,,,,,,,,,,43,0,43,0,0,0,0,0,0,0,,3,,
6379,3/8/2020,NY,,,,,,,,,,,,,29,0,29,0,0,0,0,0,0,0,,4,,
6329,3/9/2020,NY,,,,,,,,,,,,,37,0,37,0,0,0,0,0,0,0,,5,,
6279,3/10/2020,NY,,,,,,,,,,,,,31,0,31,0,0,0,0,0,0,0,,6,,
6229,3/11/2020,NY,,,,,,,,,,,,,43,0,43,0,0,0,0,0,0,0,,7,,
6179,3/12/2020,NY,,,,,3/11/2020 16:00,2020-03-11T16:00:00Z,3/11/2020 12:00,,,,,,0,0,0,0,0,0,0,0,0,0,,8,,
6128,3/13/2020,NY,,,,,3/12/2020 16:00,2020-03-12T16:00:00Z,3/12/2020 12:00,,,,,,205,2687,2892,0,0,0,0,0,0,0,,9,,
6077,3/14/2020,NY,,,,,3/14/2020 12:30,2020-03-14T12:30:00Z,3/14/2020 8:30,,,,,,103,0,103,0,0,0,0,0,0,0,,10,,
6026,3/15/2020,NY,,,,,3/15/2020 0:00,2020-03-15T00:00:00Z,3/14/2020 20:00,3,,,,,205,1764,1969,3,0,0,0,0,0,0,,11,,
5973,3/16/2020,NY,,,,,3/16/2020 16:22,2020-03-16T16:22:00Z,3/16/2020 12:22,7,,,,,221,0,221,4,0,0,0,0,0,0,,12,,
5917,3/17/2020,NY,,,,,3/16/2020 15:00,2020-03-16T15:00:00Z,3/16/2020 11:00,7,,,,,750,963,1713,0,0,0,0,0,0,0,,13,,
5861,3/18/2020,NY,,,,,3/18/2020 15:05,2020-03-18T15:05:00Z,3/18/2020 11:05,12,,,,,682,6709,7391,5,0,0,0,0,0,0,,14,,
5805,3/19/2020,NY,,,,,3/19/2020 13:20,2020-03-19T13:20:00Z,3/19/2020 9:20,12,,,,,1770,5917,7687,0,0,0,0,0,0,0,,15,,
5749,3/20/2020,NY,,,,,3/20/2020 13:20,2020-03-20T13:20:00Z,3/20/2020 9:20,35,,,,,2950,7193,10143,23,0,0,0,0,0,0,,16,,
5693,3/21/2020,NY,1531,,,,3/20/2020 21:22,2020-03-20T21:22:00Z,3/20/2020 17:22,44,,,,,3254,9756,13010,9,1531,0,0,0,0,0,,17,,
5637,3/22/2020,NY,2354,,,,3/22/2020 11:00,2020-03-22T11:00:00Z,3/22/2020 7:00,114,,,,,4812,11152,15964,70,823,0,0,0,0,0,,18,,
5581,3/23/2020,NY,3125,,,B,3/23/2020 11:36,2020-03-23T11:36:00Z,3/23/2020 7:36,114,,,,,5707,11181,16888,0,771,0,0,0,0,0,,19,,
5525,3/24/2020,NY,4041,,,B,3/24/2020 11:30,2020-03-24T11:30:00Z,3/24/2020 7:30,210,,,,,4790,8191,12981,96,916,0,0,0,0,0,,20,,
5469,3/25/2020,NY,5126,,,B,3/25/2020 11:45,2020-03-25T11:45:00Z,3/25/2020 7:45,285,,,,,5146,7063,12209,75,1085,0,0,0,0,0,,21,,
5413,3/26/2020,NY,6921,,,B,3/26/2020 16:59,2020-03-26T16:59:00Z,3/26/2020 12:59,385,,,,,6447,12178,18625,100,1795,0,0,0,0,0,,22,,
5357,3/27/2020,NY,8732,,,A,3/27/2020 11:15,2020-03-27T11:15:00Z,3/27/2020 7:15,519,,,,,7377,16272,23649,134,1811,0,0,0,0,0,,23,,
5301,3/28/2020,NY,10454,,,A,3/28/2020 13:15,2020-03-28T13:15:00Z,3/28/2020 9:15,728,,,,,7683,2498,10181,209,1722,0,0,0,0,0,,24,,
5245,3/29/2020,NY,12695,,,A,3/29/2020 9:16,2020-03-29T09:16:00Z,3/29/2020 5:16,965,,,,,7195,9231,16426,237,2241,0,0,0,0,0,,25,,
5189,3/30/2020,NY,14578,,,A,3/29/2020 9:16,2020-03-29T09:16:00Z,3/29/2020 5:16,1218,,,,,6984,7124,14108,253,1883,0,0,0,0,0,,26,,
5133,3/31/2020,NY,17085,,,A,3/29/2020 9:16,2020-03-29T09:16:00Z,3/29/2020 5:16,1550,,,,,9298,9420,18718,332,2507,0,0,0,0,0,,27,,
5077,4/1/2020,NY,19929,,,A,4/1/2020 12:00,2020-04-01T12:00:00Z,4/1/2020 8:00,1941,,,,,7917,7777,15694,391,2844,0,0,0,0,0,,28,,
5021,4/2/2020,NY,22786,,,A,4/2/2020 11:45,2020-04-02T11:45:00Z,4/2/2020 7:45,2373,,,,,8669,9416,18085,432,2857,0,0,0,0,0,,29,,
4965,4/3/2020,NY,26210,,,A,4/3/2020 11:00,2020-04-03T11:00:00Z,4/3/2020 7:00,2935,,,,,10482,11073,21555,562,3424,0,0,0,0,0,,30,,
4909,4/4/2020,NY,29471,,,A,4/3/2020 11:00,2020-04-03T11:00:00Z,4/3/2020 7:00,3565,,,,,10841,12260,23101,630,3261,0,0,0,0,0,,31,,
4853,4/5/2020,NY,32293,,,A,4/4/2020 0:00,2020-04-04T00:00:00Z,4/3/2020 20:00,4159,,,,,8327,10332,18659,594,2822,0,0,0,0,0,,32,,
4797,4/6/2020,NY,34377,,,A,4/6/2020 0:00,2020-04-06T00:00:00Z,4/5/2020 20:00,4758,,,,,8658,9873,18531,599,2084,0,0,0,0,0,,33,,
4741,4/7/2020,NY,36932,,,A,4/6/2020 0:00,2020-04-06T00:00:00Z,4/5/2020 20:00,5489,,,,,8174,11073,19247,731,2555,0,0,0,0,0,,34,,
4685,4/8/2020,NY,39982,,,A,4/7/2020 0:00,2020-04-07T00:00:00Z,4/6/2020 20:00,6268,,,,,10453,14642,25095,779,3050,0,0,0,0,0,,35,,
4629,4/9/2020,NY,42852,,,A,4/9/2020 0:00,2020-04-09T00:00:00Z,4/8/2020 20:00,7067,,,,,10621,15775,26396,799,2870,0,0,0,0,0,,36,,
4573,4/10/2020,NY,45768,,,A,4/10/2020 0:00,2020-04-10T00:00:00Z,4/9/2020 20:00,7844,,,,,10575,15761,26336,777,2916,0,0,0,0,0,,37,,
4517,4/11/2020,NY,48297,,,A,4/11/2020 0:00,2020-04-11T00:00:00Z,4/10/2020 20:00,8627,,,,,9946,13149,23095,783,2529,0,0,0,0,0,,38,,
4461,4/12/2020,NY,50919,,,A,4/12/2020 0:00,2020-04-12T00:00:00Z,4/11/2020 20:00,9385,,,,,8236,12385,20621,758,2622,0,0,0,0,0,,39,,
4405,4/13/2020,NY,52936,,,A,4/13/2020 0:00,2020-04-13T00:00:00Z,4/12/2020 20:00,10056,,,,,6337,10419,16756,671,2017,0,0,0,0,0,,40,,
4349,4/14/2020,NY,54653,,,A,4/14/2020 0:00,2020-04-14T00:00:00Z,4/13/2020 20:00,10834,,,,,7177,13609,20786,778,1717,0,0,0,0,0,,41,,
4293,4/15/2020,NY,56968,,,A,4/15/2020 0:00,2020-04-15T00:00:00Z,4/14/2020 20:00,11586,,,,,11571,15298,26869,752,2315,0,0,0,0,0,,42,,
4237,4/16/2020,NY,59052,,,A,4/16/2020 0:00,2020-04-16T00:00:00Z,4/15/2020 20:00,12192,,,,,8505,16062,24567,606,2084,0,0,0,0,0,,43,,
4181,4/17/2020,NY,61120,,,A,4/17/2020 14:00,2020-04-17T14:00:00Z,4/17/2020 10:00,12822,,,,,7358,15286,22644,630,2068,0,0,0,0,0,,44,,
4125,4/18/2020,NY,63103,,,A,4/18/2020 0:00,2020-04-18T00:00:00Z,4/17/2020 20:00,13362,,,,,7090,16219,23309,540,1983,0,0,0,0,0,,45,,
4069,4/19/2020,NY,64550,,,A,4/19/2020 0:00,2020-04-19T00:00:00Z,4/18/2020 20:00,13869,,,,,6054,14969,21023,507,1447,0,0,0,0,0,,46,,
4013,4/20/2020,NY,65969,,,A,4/20/2020 0:00,2020-04-20T00:00:00Z,4/19/2020 20:00,14347,,,,,4726,11580,16306,478,1419,0,0,0,0,0,,47,,
3957,4/21/2020,NY,67271,,,A,4/21/2020 0:00,2020-04-21T00:00:00Z,4/20/2020 20:00,14828,,,,,4178,11286,15464,481,1302,0,0,0,0,0,,48,,
3901,4/22/2020,NY,68773,,,A,4/22/2020 0:00,2020-04-22T00:00:00Z,4/21/2020 20:00,15302,,,,,5526,15131,20657,474,1502,0,0,0,0,0,,49,,
3845,4/23/2020,NY,70182,,,A,4/23/2020 0:00,2020-04-23T00:00:00Z,4/22/2020 20:00,15740,,,,,6244,19694,25938,438,1409,0,0,0,0,0,,50,,
3789,4/24/2020,NY,71373,,,A,4/24/2020 0:00,2020-04-24T00:00:00Z,4/23/2020 20:00,16162,,,,,8130,26606,34736,422,1191,0,0,0,0,0,,51,,
3733,4/25/2020,NY,72444,,,B,4/25/2020 0:00,2020-04-25T00:00:00Z,4/24/2020 20:00,16599,,,,,10553,36359,46912,437,1071,0,0,0,0,0,,52,,
3677,4/26/2020,NY,73540,,,B,4/26/2020 0:00,2020-04-26T00:00:00Z,4/25/2020 20:00,16966,,,,,5902,21880,27782,367,1096,0,0,0,0,0,,53,,
3621,4/27/2020,NY,74602,,,B,4/27/2020 0:00,2020-04-27T00:00:00Z,4/26/2020 20:00,17303,,,,,3951,16794,20745,337,1062,0,0,0,0,0,,54,,
3565,4/28/2020,NY,75362,,,B,4/28/2020 0:00,2020-04-28T00:00:00Z,4/27/2020 20:00,17638,,,,,3110,15789,18899,335,760,0,0,0,0,0,,55,,
3509,4/29/2020,NY,76450,,,B,4/29/2020 0:00,2020-04-29T00:00:00Z,4/28/2020 20:00,18015,,,,,4585,22902,27487,377,1088,0,0,0,0,0,,56,,
3453,4/30/2020,NY,77400,,,B,4/30/2020 0:00,2020-04-30T00:00:00Z,4/29/2020 20:00,18321,,,,,4681,23474,28155,306,950,0,0,0,0,0,,57,,
3397,5/1/2020,NY,78224,,,B,5/1/2020 0:00,2020-05-01T00:00:00Z,4/30/2020 20:00,18610,,,,308314,3942,22860,26802,289,824,0,0,0,0,0,,58,,
3341,5/2/2020,NY,78942,,,B,5/2/2020 0:00,2020-05-02T00:00:00Z,5/1/2020 20:00,18909,,,,312977,4663,26970,31633,299,718,0,0,0,0,0,,59,,
3285,5/3/2020,NY,79768,,,B,5/3/2020 0:00,2020-05-03T00:00:00Z,5/2/2020 20:00,19189,,,,316415,3438,23402,26840,280,826,0,0,0,0,0,,60,,
3229,5/4/2020,NY,80376,,,B,5/4/2020 0:00,2020-05-04T00:00:00Z,5/3/2020 20:00,19415,,,,318953,2538,18861,21399,226,608,0,0,0,0,0,,61,,
3173,5/5/2020,NY,80918,,,B,5/5/2020 0:00,2020-05-05T00:00:00Z,5/4/2020 20:00,19645,,,,321192,2239,19350,21589,230,542,0,0,0,0,0,,62,,
3117,5/6/2020,NY,81570,,,B,5/6/2020 0:00,2020-05-06T00:00:00Z,5/5/2020 20:00,19877,,,,321192,2786,24236,27022,232,652,0,0,0,0,0,,63,,
3061,5/7/2020,NY,82197,,,B,5/7/2020 0:00,2020-05-07T00:00:00Z,5/6/2020 20:00,20828,,,,327649,3671,30324,33995,251,627,0,0,0,0,0,,64,,
3005,5/8/2020,NY,82730,,,B,5/8/2020 0:00,2020-05-08T00:00:00Z,5/7/2020 20:00,21045,,,,330407,2758,28869,31627,217,533,0,0,0,0,0,,65,,
2949,5/9/2020,NY,83285,,,B,5/9/2020 0:00,2020-05-09T00:00:00Z,5/8/2020 20:00,21271,,,,333122,2715,29510,32225,226,555,0,0,0,0,0,,66,,
2893,5/10/2020,NY,83761,,,A,5/10/2020 0:00,2020-05-10T00:00:00Z,5/9/2020 20:00,21478,,,,335395,2273,26957,29230,207,476,0,0,0,0,0,,67,,
2837,5/11/2020,NY,84194,,,A,5/10/2020 0:00,2020-05-10T00:00:00Z,5/9/2020 20:00,21640,,,,337055,1660,19993,21653,162,433,0,0,0,0,0,,68,,
2781,5/12/2020,NY,84489,,,A,5/12/2020 0:00,2020-05-12T00:00:00Z,5/11/2020 20:00,21845,,,,338485,1430,19032,20462,205,295,0,0,0,0,0,,69,,
2725,5/13/2020,NY,85008,,,A,5/13/2020 0:00,2020-05-13T00:00:00Z,5/12/2020 20:00,22013,,,,340661,2176,31618,33794,168,519,0,0,0,0,0,,70,,
2669,5/14/2020,NY,85454,,,A,5/14/2020 0:00,2020-05-14T00:00:00Z,5/13/2020 20:00,22170,,,,343051,2390,37460,39850,157,446,0,0,0,0,0,,71,,
2613,5/15/2020,NY,85782,,,A,5/14/2020 0:00,2020-05-14T00:00:00Z,5/13/2020 20:00,22304,,,,345813,2762,36529,39291,134,328,0,0,0,0,0,,72,,
2557,5/16/2020,NY,86207,,,A,5/16/2020 0:00,2020-05-16T00:00:00Z,5/15/2020 20:00,22478,,,,348232,2419,38250,40669,174,425,0,0,0,0,0,,73,,
2501,5/17/2020,NY,86575,,,A,5/17/2020 0:00,2020-05-17T00:00:00Z,5/16/2020 20:00,22619,,,,350121,1889,32790,34679,141,368,0,0,0,0,0,,74,,
2445,5/18/2020,NY,86901,,,A,5/18/2020 0:00,2020-05-18T00:00:00Z,5/17/2020 20:00,22729,,,,351371,1250,24911,26161,110,326,0,0,0,0,0,,75,,
2389,5/19/2020,NY,87169,,,A,5/19/2020 0:00,2020-05-19T00:00:00Z,5/18/2020 20:00,22843,,,,352845,1474,26708,28182,114,268,0,0,0,0,0,,76,,
2333,5/20/2020,NY,87459,,,A,5/20/2020 0:00,2020-05-20T00:00:00Z,5/19/2020 20:00,22976,,,,354370,1525,36572,38097,133,290,0,0,0,0,0,,77,,
2277,5/21/2020,NY,87638,,,A,5/21/2020 0:00,2020-05-21T00:00:00Z,5/20/2020 20:00,23083,,,,356458,2088,47131,49219,107,179,0,0,0,0,0,,78,,
2221,5/22/2020,NY,87843,,,A,5/22/2020 0:00,2020-05-22T00:00:00Z,5/21/2020 20:00,23195,,,,358154,1696,44042,45738,112,205,0,0,0,0,0,,79,,
2165,5/23/2020,NY,88083,,,A,5/22/2020 0:00,2020-05-22T00:00:00Z,5/21/2020 20:00,23282,,,,359926,1772,49496,51268,87,240,0,0,0,0,0,,80,,
2109,5/24/2020,NY,88324,,,A,5/24/2020 0:00,2020-05-24T00:00:00Z,5/23/2020 20:00,23391,,,,361515,1589,46176,47765,109,241,0,0,0,0,0,,81,,
2053,5/25/2020,NY,88554,,,A,5/25/2020 0:00,2020-05-25T00:00:00Z,5/24/2020 20:00,23488,,,,362764,1249,38374,39623,97,230,0,0,0,0,0,,82,,
1997,5/26/2020,NY,88686,,,A,5/26/2020 0:00,2020-05-26T00:00:00Z,5/25/2020 20:00,23564,,,,363836,1072,33607,34679,76,132,0,0,0,0,0,,83,,
1941,5/27/2020,NY,88866,,,A,5/27/2020 0:00,2020-05-27T00:00:00Z,5/26/2020 20:00,23643,,,,364965,1129,36287,37416,79,180,0,0,0,0,0,,84,,
1885,5/28/2020,NY,89042,,,A,5/28/2020 0:00,2020-05-28T00:00:00Z,5/27/2020 20:00,23722,,,,366733,1768,63477,65245,79,176,0,0,0,0,0,,85,,
1829,5/29/2020,NY,89194,,,A,5/29/2020 0:00,2020-05-29T00:00:00Z,5/28/2020 20:00,23780,,,,368284,1551,65790,67341,58,152,0,0,0,0,0,,86,,
1773,5/30/2020,NY,89400,,,A,5/30/2020 0:00,2020-05-30T00:00:00Z,5/29/2020 20:00,23848,,,,369660,1376,59875,61251,68,206,0,0,0,0,0,,87,,
1717,5/31/2020,NY,89590,,,A,5/31/2020 0:00,2020-05-31T00:00:00Z,5/30/2020 20:00,23905,,,,370770,1110,57334,58444,57,190,0,0,0,0,0,,88,,
1661,6/1/2020,NY,89703,,,A,6/1/2020 0:00,2020-06-01T00:00:00Z,5/31/2020 20:00,23959,,,,371711,941,49011,49952,54,113,0,0,0,0,0,,89,,
1605,6/2/2020,NY,89861,,,A,6/2/2020 0:00,2020-06-02T00:00:00Z,6/1/2020 20:00,24023,,,,373040,1329,52725,54054,64,158,0,0,0,0,0,,90,,
1549,6/3/2020,NY,89995,,,A,6/3/2020 0:00,2020-06-03T00:00:00Z,6/2/2020 20:00,24079,,,,374085,1045,60597,61642,56,134,0,0,0,0,0,,91,,
1493,6/4/2020,NY,89995,,,A,6/4/2020 0:00,2020-06-04T00:00:00Z,6/3/2020 20:00,24133,,,,375133,1048,62511,63559,54,0,0,0,0,0,0,,92,,
1437,6/5/2020,NY,89995,,,A,6/5/2020 0:00,2020-06-05T00:00:00Z,6/4/2020 20:00,24175,,,,376208,1075,65405,66480,42,0,0,0,0,0,0,,93,,
1381,6/6/2020,NY,89995,,,A,6/6/2020 0:00,2020-06-06T00:00:00Z,6/5/2020 20:00,24212,,,,377316,1108,76787,77895,37,0,0,0,0,0,0,,94,,
1325,6/7/2020,NY,89995,,,A,6/7/2020 0:00,2020-06-07T00:00:00Z,6/6/2020 20:00,24259,,,,378097,781,59654,60435,47,0,0,0,0,0,0,,95,,
1269,6/8/2020,NY,89995,,,A,6/8/2020 0:00,2020-06-08T00:00:00Z,6/7/2020 20:00,24299,,,,378799,702,57352,58054,40,0,0,0,0,0,0,,96,,
1213,6/9/2020,NY,89995,,,A,6/9/2020 0:00,2020-06-09T00:00:00Z,6/8/2020 20:00,24348,,,,379482,683,49290,49973,49,0,0,0,0,0,0,,97,,
1157,6/10/2020,NY,89995,,,A,6/10/2020 0:00,2020-06-10T00:00:00Z,6/9/2020 20:00,24404,,,,380156,674,61623,62297,56,0,0,0,0,0,0,,98,,
1101,6/11/2020,NY,89995,,,A,6/11/2020 0:00,2020-06-11T00:00:00Z,6/10/2020 20:00,24442,,,,380892,736,60103,60839,38,0,0,0,0,0,0,,99,,
1045,6/12/2020,NY,89995,,,A,6/12/2020 0:00,2020-06-12T00:00:00Z,6/11/2020 20:00,24495,,,,381714,822,71573,72395,53,0,0,0,0,0,0,,100,,
989,6/13/2020,NY,89995,,,A,6/12/2020 0:00,2020-06-12T00:00:00Z,6/11/2020 20:00,24527,,,,382630,916,69924,70840,32,0,0,0,0,0,0,,101,,
933,6/14/2020,NY,89995,,,A,6/13/2020 0:00,2020-06-13T00:00:00Z,6/12/2020 20:00,24551,,,,383324,694,61665,62359,24,0,0,0,0,0,0,,102,,
877,6/15/2020,NY,89995,,,A,6/15/2020 0:00,2020-06-15T00:00:00Z,6/14/2020 20:00,24579,,,,383944,620,55991,56611,28,0,0,0,0,0,0,,103,,
821,6/16/2020,NY,89995,,,A,6/16/2020 0:00,2020-06-16T00:00:00Z,6/15/2020 20:00,24608,,,,384575,631,59937,60568,29,0,0,0,0,0,0,,104,,
765,6/17/2020,NY,89995,,,A,6/17/2020 0:00,2020-06-17T00:00:00Z,6/16/2020 20:00,24629,,,,385142,567,58774,59341,21,0,0,0,0,0,0,,105,,
709,6/18/2020,NY,89995,,,A,6/18/2020 0:00,2020-06-18T00:00:00Z,6/17/2020 20:00,24661,,,,385760,618,67923,68541,32,0,0,0,0,0,0,,106,,
653,6/19/2020,NY,89995,,,A,6/19/2020 0:00,2020-06-19T00:00:00Z,6/18/2020 20:00,24686,,,,386556,796,78507,79303,25,0,0,0,0,0,0,,107,,
597,6/20/2020,NY,89995,,,A,6/19/2020 23:59,2020-06-19T23:59:00Z,6/19/2020 19:59,24710,,,,387272,716,68114,68830,24,0,0,0,0,0,0,,108,,
541,6/21/2020,NY,89995,,,A,6/20/2020 23:59,2020-06-20T23:59:00Z,6/20/2020 19:59,24725,,,,387936,664,66862,67526,15,0,0,0,0,0,0,,109,,
485,6/22/2020,NY,89995,,,A,6/21/2020 23:59,2020-06-21T23:59:00Z,6/21/2020 19:59,24739,,,,388488,552,56228,56780,14,0,0,0,0,0,0,,110,,
429,6/23/2020,NY,89995,,,A,6/22/2020 23:59,2020-06-22T23:59:00Z,6/22/2020 19:59,24766,,,,389085,597,48112,48709,27,0,0,0,0,0,0,,111,,
373,6/24/2020,NY,89995,,,A,6/23/2020 23:59,2020-06-23T23:59:00Z,6/23/2020 19:59,24782,,,,389666,581,50563,51144,16,0,0,0,0,0,0,,112,,
317,6/25/2020,NY,89995,,,A,6/24/2020 23:59,2020-06-24T23:59:00Z,6/24/2020 19:59,24800,,,,390415,749,66893,67642,18,0,0,0,0,0,0,,113,,
261,6/26/2020,NY,89995,,,A,6/25/2020 23:59,2020-06-25T23:59:00Z,6/25/2020 19:59,24814,,,,391220,805,60918,61723,14,0,0,0,0,0,0,,114,,
205,6/27/2020,NY,89995,,,A,6/26/2020 23:59,2020-06-26T23:59:00Z,6/26/2020 19:59,24830,,,,391923,703,72559,73262,16,0,0,0,0,0,0,,115,,
149,6/28/2020,NY,89995,,,A,6/27/2020 23:59,2020-06-27T23:59:00Z,6/27/2020 19:59,24835,,,,392539,616,61290,61906,5,0,0,0,0,0,0,,116,,
93,6/29/2020,NY,89995,,,A,6/28/2020 23:59,2020-06-28T23:59:00Z,6/28/2020 19:59,24842,,,,392930,391,46037,46428,7,0,0,0,0,0,0,,117,,
37,6/30/2020,NY,89995,,,A,6/29/2020 0:00,2020-06-29T00:00:00Z,6/28/2020 20:00,24855,,,,393454,524,51501,52025,13,0,0,0,0,0,0,,118,,
