,date,key,cum_hospitalized,cum_icu,cum_on_ventilator,dataQualityGrade,lastUpdateEt,dateModified,checkTimeEt,death,new_diagnoses,new_negatives,new_tests,new_deaths,new_hospitalized,commercialScore,negativeRegularScore,negativeScore,positiveScore,score,grade,day,new_icu,num_on_ventilator
5170,2020-03-04,NY,,,,,,,,,0,0,0,0,0,0,0,0,0,0,,0,,
5152,2020-03-05,NY,,,,,,,,,16,28,44,0,0,0,0,0,0,0,,1,,
5125,2020-03-06,NY,,,,,,,,,11,16,27,0,0,0,0,0,0,0,,2,,
5085,2020-03-07,NY,,,,,,,,,43,0,43,0,0,0,0,0,0,0,,3,,
5035,2020-03-08,NY,,,,,,,,,29,0,29,0,0,0,0,0,0,0,,4,,
4985,2020-03-09,NY,,,,,,,,,37,0,37,0,0,0,0,0,0,0,,5,,
4935,2020-03-10,NY,,,,,,,,,31,0,31,0,0,0,0,0,0,0,,6,,
4885,2020-03-11,NY,,,,,,,,,43,0,43,0,0,0,0,0,0,0,,7,,
4835,2020-03-12,NY,,,,,3/11/2020 16:00,2020-03-11T16:00:00Z,03/11 12:00,,0,0,0,0,0,0,0,0,0,0,,8,,
4784,2020-03-13,NY,,,,,3/12/2020 16:00,2020-03-12T16:00:00Z,03/12 12:00,,205,2687,2892,0,0,0,0,0,0,0,,9,,
4733,2020-03-14,NY,,,,,3/14/2020 12:30,2020-03-14T12:30:00Z,03/14 08:30,,103,0,103,0,0,0,0,0,0,0,,10,,
4682,2020-03-15,NY,,,,,3/15/2020 00:00,2020-03-15T00:00:00Z,03/14 20:00,3.0,205,1764,1969,3,0,0,0,0,0,0,,11,,
4629,2020-03-16,NY,,,,,3/16/2020 16:22,2020-03-16T16:22:00Z,03/16 12:22,7.0,221,0,221,4,0,0,0,0,0,0,,12,,
4573,2020-03-17,NY,,,,,3/16/2020 15:00,2020-03-16T15:00:00Z,03/16 11:00,7.0,750,963,1713,0,0,0,0,0,0,0,,13,,
4517,2020-03-18,NY,,,,,3/18/2020 15:05,2020-03-18T15:05:00Z,03/18 11:05,12.0,682,6709,7391,5,0,0,0,0,0,0,,14,,
4461,2020-03-19,NY,,,,,3/19/2020 13:20,2020-03-19T13:20:00Z,03/19 09:20,12.0,1770,5917,7687,0,0,0,0,0,0,0,,15,,
4405,2020-03-20,NY,,,,,3/20/2020 13:20,2020-03-20T13:20:00Z,03/20 09:20,35.0,2950,7193,10143,23,0,0,0,0,0,0,,16,,
4349,2020-03-21,NY,1531.0,,,,3/20/2020 21:22,2020-03-20T21:22:00Z,03/20 17:22,44.0,3254,9756,13010,9,1531,0,0,0,0,0,,17,,
4293,2020-03-22,NY,2354.0,,,,3/22/2020 11:00,2020-03-22T11:00:00Z,03/22 07:00,114.0,4812,11152,15964,70,823,0,0,0,0,0,,18,,
4237,2020-03-23,NY,3125.0,,,B,3/23/2020 11:36,2020-03-23T11:36:00Z,03/23 07:36,114.0,5707,11181,16888,0,771,0,0,0,0,0,,19,,
4181,2020-03-24,NY,4041.0,,,B,3/24/2020 11:30,2020-03-24T11:30:00Z,03/24 07:30,210.0,4790,8191,12981,96,916,0,0,0,0,0,,20,,
4125,2020-03-25,NY,5126.0,,,B,3/25/2020 11:45,2020-03-25T11:45:00Z,03/25 07:45,285.0,5146,7063,12209,75,1085,0,0,0,0,0,,21,,
4069,2020-03-26,NY,6921.0,,,B,3/26/2020 16:59,2020-03-26T16:59:00Z,03/26 12:59,385.0,6447,12178,18625,100,1795,0,0,0,0,0,,22,,
4013,2020-03-27,NY,8732.0,,,A,3/27/2020 11:15,2020-03-27T11:15:00Z,03/27 07:15,519.0,7377,16272,23649,134,1811,0,0,0,0,0,,23,,
3957,2020-03-28,NY,10454.0,,,A,3/28/2020 13:15,2020-03-28T13:15:00Z,03/28 09:15,728.0,7683,2498,10181,209,1722,0,0,0,0,0,,24,,
3901,2020-03-29,NY,12695.0,,,A,3/29/2020 09:16,2020-03-29T09:16:00Z,03/29 05:16,965.0,7195,9231,16426,237,2241,0,0,0,0,0,,25,,
3845,2020-03-30,NY,14578.0,,,A,3/29/2020 09:16,2020-03-29T09:16:00Z,03/29 05:16,1218.0,6984,7124,14108,253,1883,0,0,0,0,0,,26,,
3789,2020-03-31,NY,17085.0,,,A,3/29/2020 09:16,2020-03-29T09:16:00Z,03/29 05:16,1550.0,9298,9420,18718,332,2507,0,0,0,0,0,,27,,
3733,2020-04-01,NY,19929.0,,,A,4/1/2020 12:00,2020-04-01T12:00:00Z,04/01 08:00,1941.0,7917,7777,15694,391,2844,0,0,0,0,0,,28,,
3677,2020-04-02,NY,22786.0,,,A,4/2/2020 11:45,2020-04-02T11:45:00Z,04/02 07:45,2373.0,8669,9416,18085,432,2857,0,0,0,0,0,,29,,
3621,2020-04-03,NY,26210.0,,,A,4/3/2020 11:00,2020-04-03T11:00:00Z,04/03 07:00,2935.0,10482,11073,21555,562,3424,0,0,0,0,0,,30,,
3565,2020-04-04,NY,29471.0,,,A,4/3/2020 11:00,2020-04-03T11:00:00Z,04/03 07:00,3565.0,10841,12260,23101,630,3261,0,0,0,0,0,,31,,
3509,2020-04-05,NY,32293.0,,,A,4/4/2020 00:00,2020-04-04T00:00:00Z,04/03 20:00,4159.0,8327,10332,18659,594,2822,0,0,0,0,0,,32,,
3453,2020-04-06,NY,34377.0,,,A,4/6/2020 00:00,2020-04-06T00:00:00Z,04/05 20:00,4758.0,8658,9873,18531,599,2084,0,0,0,0,0,,33,,
3397,2020-04-07,NY,36932.0,,,A,4/6/2020 00:00,2020-04-06T00:00:00Z,04/05 20:00,5489.0,8174,11073,19247,731,2555,0,0,0,0,0,,34,,
3341,2020-04-08,NY,39982.0,,,A,4/7/2020 00:00,2020-04-07T00:00:00Z,04/06 20:00,6268.0,10453,14642,25095,779,3050,0,0,0,0,0,,35,,
3285,2020-04-09,NY,42852.0,,,A,4/9/2020 00:00,2020-04-09T00:00:00Z,04/08 20:00,7067.0,10621,15775,26396,799,2870,0,0,0,0,0,,36,,
3229,2020-04-10,NY,45768.0,,,A,4/10/2020 00:00,2020-04-10T00:00:00Z,04/09 20:00,7844.0,10575,15761,26336,777,2916,0,0,0,0,0,,37,,
3173,2020-04-11,NY,48297.0,,,A,4/11/2020 00:00,2020-04-11T00:00:00Z,04/10 20:00,8627.0,9946,13149,23095,783,2529,0,0,0,0,0,,38,,
3117,2020-04-12,NY,50919.0,,,A,4/12/2020 00:00,2020-04-12T00:00:00Z,04/11 20:00,9385.0,8236,12385,20621,758,2622,0,0,0,0,0,,39,,
3061,2020-04-13,NY,52936.0,,,A,4/13/2020 00:00,2020-04-13T00:00:00Z,04/12 20:00,10056.0,6337,10419,16756,671,2017,0,0,0,0,0,,40,,
3005,2020-04-14,NY,54653.0,,,A,4/14/2020 00:00,2020-04-14T00:00:00Z,04/13 20:00,10834.0,7177,13609,20786,778,1717,0,0,0,0,0,,41,,
2949,2020-04-15,NY,56968.0,,,A,4/15/2020 00:00,2020-04-15T00:00:00Z,04/14 20:00,11586.0,11571,15298,26869,752,2315,0,0,0,0,0,,42,,
2893,2020-04-16,NY,59052.0,,,A,4/16/2020 00:00,2020-04-16T00:00:00Z,04/15 20:00,12192.0,8505,16062,24567,606,2084,0,0,0,0,0,,43,,
2837,2020-04-17,NY,61120.0,,,A,4/17/2020 14:00,2020-04-17T14:00:00Z,04/17 10:00,12822.0,7358,15286,22644,630,2068,0,0,0,0,0,,44,,
2781,2020-04-18,NY,63103.0,,,A,4/18/2020 00:00,2020-04-18T00:00:00Z,04/17 20:00,13362.0,7090,16219,23309,540,1983,0,0,0,0,0,,45,,
2725,2020-04-19,NY,64550.0,,,A,4/19/2020 00:00,2020-04-19T00:00:00Z,04/18 20:00,13869.0,6054,14969,21023,507,1447,0,0,0,0,0,,46,,
2669,2020-04-20,NY,65969.0,,,A,4/20/2020 00:00,2020-04-20T00:00:00Z,04/19 20:00,14347.0,4726,11580,16306,478,1419,0,0,0,0,0,,47,,
2613,2020-04-21,NY,67271.0,,,A,4/21/2020 00:00,2020-04-21T00:00:00Z,04/20 20:00,14828.0,4178,11286,15464,481,1302,0,0,0,0,0,,48,,
2557,2020-04-22,NY,68773.0,,,A,4/22/2020 00:00,2020-04-22T00:00:00Z,04/21 20:00,15302.0,5526,15131,20657,474,1502,0,0,0,0,0,,49,,
2501,2020-04-23,NY,70182.0,,,A,4/23/2020 00:00,2020-04-23T00:00:00Z,04/22 20:00,15740.0,6244,19694,25938,438,1409,0,0,0,0,0,,50,,
2445,2020-04-24,NY,71373.0,,,A,4/24/2020 00:00,2020-04-24T00:00:00Z,04/23 20:00,16162.0,8130,26606,34736,422,1191,0,0,0,0,0,,51,,
2389,2020-04-25,NY,72444.0,,,B,4/25/2020 00:00,2020-04-25T00:00:00Z,04/24 20:00,16599.0,10553,36359,46912,437,1071,0,0,0,0,0,,52,,
2333,2020-04-26,NY,73540.0,,,B,4/26/2020 00:00,2020-04-26T00:00:00Z,04/25 20:00,16966.0,5902,21880,27782,367,1096,0,0,0,0,0,,53,,
2277,2020-04-27,NY,74602.0,,,B,4/27/2020 00:00,2020-04-27T00:00:00Z,04/26 20:00,17303.0,3951,16794,20745,337,1062,0,0,0,0,0,,54,,
2221,2020-04-28,NY,75362.0,,,B,4/28/2020 00:00,2020-04-28T00:00:00Z,04/27 20:00,17638.0,3110,15789,18899,335,760,0,0,0,0,0,,55,,
2165,2020-04-29,NY,76450.0,,,B,4/29/2020 00:00,2020-04-29T00:00:00Z,04/28 20:00,18015.0,4585,22902,27487,377,1088,0,0,0,0,0,,56,,
2109,2020-04-30,NY,77400.0,,,B,4/30/2020 00:00,2020-04-30T00:00:00Z,04/29 20:00,18321.0,4681,23474,28155,306,950,0,0,0,0,0,,57,,
2053,2020-05-01,NY,78224.0,,,B,5/1/2020 00:00,2020-05-01T00:00:00Z,04/30 20:00,18610.0,3942,22860,26802,289,824,0,0,0,0,0,,58,,
1997,2020-05-02,NY,78942.0,,,B,5/2/2020 00:00,2020-05-02T00:00:00Z,05/01 20:00,18909.0,4663,26970,31633,299,718,0,0,0,0,0,,59,,
1941,2020-05-03,NY,79768.0,,,B,5/3/2020 00:00,2020-05-03T00:00:00Z,05/02 20:00,19189.0,3438,23402,26840,280,826,0,0,0,0,0,,60,,
1885,2020-05-04,NY,80376.0,,,B,5/4/2020 00:00,2020-05-04T00:00:00Z,05/03 20:00,19415.0,2538,18861,21399,226,608,0,0,0,0,0,,61,,
1829,2020-05-05,NY,80918.0,,,B,5/5/2020 00:00,2020-05-05T00:00:00Z,05/04 20:00,19645.0,2239,19350,21589,230,542,0,0,0,0,0,,62,,
1773,2020-05-06,NY,81570.0,,,B,5/6/2020 00:00,2020-05-06T00:00:00Z,05/05 20:00,19877.0,2786,24236,27022,232,652,0,0,0,0,0,,63,,
1717,2020-05-07,NY,82197.0,,,B,5/7/2020 00:00,2020-05-07T00:00:00Z,05/06 20:00,20828.0,3671,30324,33995,951,627,0,0,0,0,0,,64,,
1661,2020-05-08,NY,82730.0,,,B,5/8/2020 00:00,2020-05-08T00:00:00Z,05/07 20:00,21045.0,2758,28869,31627,217,533,0,0,0,0,0,,65,,
1605,2020-05-09,NY,83285.0,,,B,5/9/2020 00:00,2020-05-09T00:00:00Z,05/08 20:00,21271.0,2715,29510,32225,226,555,0,0,0,0,0,,66,,
1549,2020-05-10,NY,83761.0,,,A,5/10/2020 00:00,2020-05-10T00:00:00Z,05/09 20:00,21478.0,2273,26957,29230,207,476,0,0,0,0,0,,67,,
1493,2020-05-11,NY,84194.0,,,A,5/10/2020 00:00,2020-05-10T00:00:00Z,05/09 20:00,21640.0,1660,19993,21653,162,433,0,0,0,0,0,,68,,
1437,2020-05-12,NY,84489.0,,,A,5/12/2020 00:00,2020-05-12T00:00:00Z,05/11 20:00,21845.0,1430,19032,20462,205,295,0,0,0,0,0,,69,,
1381,2020-05-13,NY,85008.0,,,A,5/13/2020 00:00,2020-05-13T00:00:00Z,05/12 20:00,22013.0,2176,31618,33794,168,519,0,0,0,0,0,,70,,
1325,2020-05-14,NY,85454.0,,,A,5/14/2020 00:00,2020-05-14T00:00:00Z,05/13 20:00,22170.0,2390,37460,39850,157,446,0,0,0,0,0,,71,,
1269,2020-05-15,NY,85782.0,,,A,5/14/2020 00:00,2020-05-14T00:00:00Z,05/13 20:00,22304.0,2762,36529,39291,134,328,0,0,0,0,0,,72,,
1213,2020-05-16,NY,86207.0,,,A,5/16/2020 00:00,2020-05-16T00:00:00Z,05/15 20:00,22478.0,2419,38250,40669,174,425,0,0,0,0,0,,73,,
1157,2020-05-17,NY,86575.0,,,A,5/17/2020 00:00,2020-05-17T00:00:00Z,05/16 20:00,22619.0,1889,32790,34679,141,368,0,0,0,0,0,,74,,
1101,2020-05-18,NY,86901.0,,,A,5/18/2020 00:00,2020-05-18T00:00:00Z,05/17 20:00,22729.0,1250,24911,26161,110,326,0,0,0,0,0,,75,,
1045,2020-05-19,NY,87169.0,,,A,5/19/2020 00:00,2020-05-19T00:00:00Z,05/18 20:00,22843.0,1474,26708,28182,114,268,0,0,0,0,0,,76,,
989,2020-05-20,NY,87459.0,,,A,5/20/2020 00:00,2020-05-20T00:00:00Z,05/19 20:00,22976.0,1525,36572,38097,133,290,0,0,0,0,0,,77,,
933,2020-05-21,NY,87638.0,,,A,5/21/2020 00:00,2020-05-21T00:00:00Z,05/20 20:00,23083.0,2088,47131,49219,107,179,0,0,0,0,0,,78,,
877,2020-05-22,NY,87843.0,,,A,5/22/2020 00:00,2020-05-22T00:00:00Z,05/21 20:00,23195.0,1696,44042,45738,112,205,0,0,0,0,0,,79,,
821,2020-05-23,NY,88083.0,,,A,5/22/2020 00:00,2020-05-22T00:00:00Z,05/21 20:00,23282.0,1772,49496,51268,87,240,0,0,0,0,0,,80,,
765,2020-05-24,NY,88324.0,,,A,5/24/2020 00:00,2020-05-24T00:00:00Z,05/23 20:00,23391.0,1589,46176,47765,109,241,0,0,0,0,0,,81,,
709,2020-05-25,NY,88554.0,,,A,5/25/2020 00:00,2020-05-25T00:00:00Z,05/24 20:00,23488.0,1249,38374,39623,97,230,0,0,0,0,0,,82,,
653,2020-05-26,NY,88686.0,,,A,5/26/2020 00:00,2020-05-26T00:00:00Z,05/25 20:00,23564.0,1072,33607,34679,76,132,0,0,0,0,0,,83,,
597,2020-05-27,NY,88866.0,,,A,5/27/2020 00:00,2020-05-27T00:00:00Z,05/26 20:00,23643.0,1129,36287,37416,79,180,0,0,0,0,0,,84,,
541,2020-05-28,NY,89042.0,,,A,5/28/2020 00:00,2020-05-28T00:00:00Z,05/27 20:00,23722.0,1768,63477,65245,79,176,0,0,0,0,0,,85,,
485,2020-05-29,NY,89194.0,,,A,5/29/2020 00:00,2020-05-29T00:00:00Z,05/28 20:00,23780.0,1551,65790,67341,58,152,0,0,0,0,0,,86,,
429,2020-05-30,NY,89400.0,,,A,5/30/2020 00:00,2020-05-30T00:00:00Z,05/29 20:00,23848.0,1376,59875,61251,68,206,0,0,0,0,0,,87,,
373,2020-05-31,NY,89590.0,,,A,5/31/2020 00:00,2020-05-31T00:00:00Z,05/30 20:00,23905.0,1110,57334,58444,57,190,0,0,0,0,0,,88,,
317,2020-06-01,NY,89703.0,,,A,6/1/2020 00:00,2020-06-01T00:00:00Z,05/31 20:00,23959.0,941,49011,49952,54,113,0,0,0,0,0,,89,,
261,2020-06-02,NY,89861.0,,,A,6/2/2020 00:00,2020-06-02T00:00:00Z,06/01 20:00,24023.0,1329,52725,54054,64,158,0,0,0,0,0,,90,,
205,2020-06-03,NY,89995.0,,,A,6/3/2020 00:00,2020-06-03T00:00:00Z,06/02 20:00,24079.0,1045,60597,61642,56,134,0,0,0,0,0,,91,,
149,2020-06-04,NY,89995.0,,,A,6/4/2020 00:00,2020-06-04T00:00:00Z,06/03 20:00,24133.0,1048,62511,63559,54,0,0,0,0,0,0,,92,,
93,2020-06-05,NY,89995.0,,,A,6/5/2020 00:00,2020-06-05T00:00:00Z,06/04 20:00,24175.0,1075,65405,66480,42,0,0,0,0,0,0,,93,,
37,2020-06-06,NY,89995.0,,,A,6/6/2020 00:00,2020-06-06T00:00:00Z,06/05 20:00,24212.0,1108,76787,77895,37,0,0,0,0,0,0,,94,,
